{"metadata":{"kernelspec":{"display_name":"Python 3","language":"python","name":"python3"},"language_info":{"name":"python","version":"3.7.6","mimetype":"text/x-python","codemirror_mode":{"name":"ipython","version":3},"pygments_lexer":"ipython3","nbconvert_exporter":"python","file_extension":".py"}},"nbformat_minor":4,"nbformat":4,"cells":[{"cell_type":"code","source":"#Практическое задание №6","metadata":{},"execution_count":null,"outputs":[]},{"cell_type":"code","source":"#6. Найдите одно из псевдорешений вырожденной системы\n#|1 2 3|       | 2|\n#|4 5 6| * X = | 5|\n#|7 8 9|       |11|\n\nimport numpy as np\nimport matplotlib.pyplot as plt\nimport scipy\nimport scipy.linalg\n\nprint(\"QR разложение.\")\nA = np.array([[1, 2, 3], [4, 5, 6], [7, 8, 9]])\nB = np.array([2, 5, 11])\nQ, R = np.linalg.qr(A)\nprint(\"A = \\n\", A)\nprint(\"Q = \\n\", Q)\nprint(\"R = \\n\", R)\nprint(\"Проверим полученные значения матрицы Q и R (получим матрицу A): \\n\", np.dot(Q, R))\nprint(\"Проверим полученную матрицу Q \\n\" , np.dot(np.transpose(Q), Q))\nR1 = R[:2, :2]\nprint(\"Получим подматицу R1 = \\n\", R1)\nB1 = np.dot(np.transpose(Q), B)[:2]\nX1 = np.linalg.solve(R1, B1)\nprint(\"X1: \\n\", X1)\nX = np.append(X1, 0)\nprint(\"При X2 = 0 X примит вид: \\n\", X)\nprint(\"Норма первого найденного псевдорешения: \", np.linalg.norm(X))\nprint(\"Норма псевдорешения с невязкой: \", np.linalg.norm(np.dot(A, X) - B))\n\nprint(\"Нормальное псевдорешение при помощи linalg.lstsq: \\n\", np.linalg.lstsq(A,B, rcond = None))\n","metadata":{"trusted":true},"execution_count":8,"outputs":[{"name":"stdout","text":"QR разложение.\nA = \n [[1 2 3]\n [4 5 6]\n [7 8 9]]\nQ = \n [[-0.12309149  0.90453403  0.40824829]\n [-0.49236596  0.30151134 -0.81649658]\n [-0.86164044 -0.30151134  0.40824829]]\nR = \n [[-8.12403840e+00 -9.60113630e+00 -1.10782342e+01]\n [ 0.00000000e+00  9.04534034e-01  1.80906807e+00]\n [ 0.00000000e+00  0.00000000e+00 -8.88178420e-16]]\nПроверим полученные значения матрицы Q и R (получим матрицу A): \n [[1. 2. 3.]\n [4. 5. 6.]\n [7. 8. 9.]]\nПроверим полученную матрицу Q \n [[ 1.00000000e+00 -2.48218629e-16 -2.62094065e-17]\n [-2.48218629e-16  1.00000000e+00  2.82872043e-17]\n [-2.62094065e-17  2.82872043e-17  1.00000000e+00]]\nПолучим подматицу R1 = \n [[-8.1240384  -9.6011363 ]\n [ 0.          0.90453403]]\nX1: \n [1.50000000e+00 3.92767275e-15]\nПри X2 = 0 X примит вид: \n [1.50000000e+00 3.92767275e-15 0.00000000e+00]\nНорма первого найденного псевдорешения:  1.499999999999996\nНорма псевдорешения с невязкой:  1.224744871391589\nНормальное псевдорешение при помощи linalg.lstsq: \n (array([ 1.25,  0.5 , -0.25]), array([], dtype=float64), 2, array([1.68481034e+01, 1.06836951e+00, 4.41842475e-16]))\n","output_type":"stream"}]}]}